0.1 -5.47833e-05

0.2 -0.000193636

0.3 -0.000229241

0.4 -0.000401979

0.5 -0.00083998

0.6 -0.00112574

0.7 -0.00196892

0.8 -0.00338784

0.9 -0.0101111

1 0.0300846

1.1 0.098921

1.2 0.169777

1.3 0.23246

1.4 0.286721

1.5 0.33423

1.6 0.375526

1.7 0.412081

1.8 0.444523

1.9 0.473577

2 0.499999

2.1 0.523821

2.2 0.545417

2.3 0.565298

2.4 0.583162

2.5 0.599805

2.6 0.615038

2.7 0.629931

2.8 0.643254

2.9 0.65563

3 98

3 1487

3.1 71

3.1 1390

3.2 60

3.2 1384

3.3 53

3.3 1392

3.4 47

3.4 1406

